1
13
16
21
25
44
45
47
54
58
63
65
95
104
105
114
121
126
135
140
167
177
179
189
190
202
216
218
225
227
238
242
247
249
277
284
292
293
297
304
314
323
328
339
341
345
358
361
363
365
369
381
385
386
387
391
393
400
410
415
423
428
431
433
435
441
457
461
470
472
473
477
480
486
493
500
510
513
517
521
529
532
534
543
554
558
563
565
567
576
577
584
593
595
597
599
608
613
624
631
643
648
662
664
669
681
683
701
703
706
724
730
739
749
751
752
754
759
764
773
775
778
780
788
790
798
801
803
811
812
814
815
817
824
837
838
840
864
875
877
896
912
918
919
928
929
932
955
956
960
967
974
979
981
983
985
988
992
997
1005
1007
1008
1013
1015
1024
1031
1032
1051
1061
1062
1068
1073
1075
1084
1097
1099
1103
1105
1106
1108
1119
1127
1141
1151
1153
1158
1173
1176
1189
1199
1201
1204
1214
1216
1225
1227
1229
1233
1235
1248
1249
1251
1265
1266
1270
1273
1279
1286
1287
1289
1298
1319
1321
1325
1329
1330
1345
1347
1348
1350
1360
1398
1402
1404
1411
1418
1427
1429
1431
1440
1443
1446
1448
1455
1458
1469
1473
1487
1499
1500
1508
1523
1536
1545
1548
1550
1561
1580
1582
1586
1588
1592
1594
1605
1607
1609
1616
1618
1620
1628
1639
1641
1644
1651
1655
1657
1659
1666
1668
1673
1678
1687
1691
1700
1702
1705
1715
1725
1727
1729
1733
1737
1750
1758
1768
1776
1781
1786
1790
1795
1799
1802
1825
1835
1838
1840
1849
1851
1860
1871
1879
1886
1888
1890
1895
1897
1899
1901
1903
1926
1927
1939
1945
1954
1962
1965
1969
1976
1979
1981
1990
1993
1994
1998
2009
2011
2016
2026
2039
2041
2047
2059
2063
2069
2075
2077
2080
2083
2089
2095
2100
2102
2104
2109
2119
2121
2131
2139
2140
2141
2148
2150
2152
2154
2172
2176
2206
2208
2217
2224
2225
2226
2232
2238
2248
2250
2256
2258
2266
2268
2270
2278
2280
2283
2285
2306
2316
2318
2331
2335
2342
2344
2359
2367
2371
2373
2375
2377
2385
2386
2390
2392
2398
2405
2409
2411
2414
2422
2424
2425
2428
2447
2458
2468
2473
2475
2477
2495
2496
2498
2501
2503
2507
2508
2515
2517
2520
2524
2526
2528
2536
2547
2553
2559
2560
2562
2568
2570
2573
2574
2582
2584
2592
2593
2596
2609
2616
2618
2626
2631
2633
2638
2642
2644
2645
2666
2668
2673
2691
2693
2698
2700
2706
2708
2715
2738
2741
2752
2754
2758
2760
2767
2769
2774
2778
2781
2785
2793
2800
2807
2818
2820
2827
2829
2831
2838
2839
2845
2854
2864
2869
2871
2875
2877
2885
2887
2890
2909
2915
2928
2932
2946
2948
2949
2962
2965
2968
2975
2982
2986
2988
2991
2993
3003
3011
3016
3017
3020
3024
3034
3045
3046
3052
3062
3066
3079
3090
3093
3107
3109
3121
3131
3147
3152
3161
3163
3170
3172
3186
3191
3213
3223
3225
3226
3227
3234
3238
3243
3258
3261
3270
3273
3281
3283
3294
3297
3298
3299
3301
3308
3316
3319
3327
3329
3333
3347
3355
3357
3362
3363
3376
3378
3392
3411
3417
3433
3434
3437
3459
3464
3475
3482
3485
3500
3503
3504
3506
3513
3517
3527
3530
3534
3541
3543
3545
3564
3566
3572
3579
3581
3590
3591
3592
3600
3601
3608
3610
3611
3618
3627
3632
3634
3637
3643
3647
3668
3671
3675
3676
3677
3693
3695
3716
3735
3737
3739
3750
3761
3767
3774
3780
3785
3787
3794
3799
3801
3809
3816
3823
3824
3826
3838
3847
3850
3852
3854
3876
3890
3893
3895
3904
3907
3909
3916
3931
3948
3949
3957
3959
3961
3966
3975
3976
3977
3983
3986
4005
4010
4012
4022
4025
4033
4036
4042
4043
4046
4055
4058
4062
4074
4080
4087
4095
4097
4112
4115
4122
4134
4136
4139
4154
4160
4162
4164
4168
4173
4177
4179
4187
4201
4203
4208
4210
4213
4215
4221
4223
4236
4242
4243
4252
4255
4273
4279
4280
4282
4287
4288
4309
4311
4327
4329
4337
4339
4344
4351
4353
4360
4364
4369
4371
4379
4387
4400
4406
4421
4422
4423
4442
4444
4466
4468
4475
4491
4492
4497
4511
4518
4523
4524
4526
4534
4538
4540
4559
4561
4573
4578
4580
4587
4589
4610
4617
4619
4622
4634
4646
4653
4661
4664
4671
4675
4682
4684
4697
4698
4702
4715
4721
4733
4735
4736
4737
4740
4752
4753
4760
4765
4767
4774
4778
4781
4789
4800
4803
4805
4819
4828
4832
4837
4843
4854
4856
4866
4868
4876
4884
4886
4893
4894
4897
4921
4932
4937
4939
4942
4951
4962
4964
4965
4966
4972
4979
4984
4990
4992
4997
4999
5006
5008
5010
5018
5023
5024
5026
5032
5041
5051
5056
5058
5070
5072
5085
5088
5093
5097
5098
5100
5114
5123
5132
5136
5142
5154
5156
5169
5179
5191
5197
5198
5200
5202
5210
5220
5221
5225
5232
5237
5238
5244
5264
5266
5268
5270
5279
5282
5283
5295
5302
5305
5306
5312
5324
5328
5329
5348
5349
5350
5353
5363
5365
5366
5367
5374
5376
5380
5383
5390
5392
5394
5397
5405
5408
5413
5420
5422
5423
5434
5441
5443
5445
5458
5460
5466
5491
5495
5502
5505
5527
5529
5532
5534
5539
5541
5548
5553
5555
5563
5565
5567
5576
5578
5585
5589
5594
5596
5601
5612
5630
5633
5634
5636
5638
5645
5647
5651
5652
5665
5667
5669
5676
5677
5680
5687
5689
5693
5704
5706
5709
5713
5714
5715
5719
5734
5737
5738
5744
5754
5758
5760
5765
5767
5773
5778
5792
5793
5802
5809
5812
5819
5824
5826
5829
5831
5843
5864
5876
5889
5892
5894
5901
5906
5908
5911
5913
5920
5927
5932
5933
5937
5939
5948
5961
5971
5977
5979
5987
5989
5995
5996
6000
6003
6005
6014
6016
6018
6040
6041
6043
6057
6065
6076
6082
6091
6098
6110
6114
6116
6119
6134
6154
6159
6164
6165
6174
6176
6177
6178
6186
6198
6210
6217
6219
6222
6241
6255
6257
6265
6270
6272
6283
6285
6287
6293
6295
6299
6303
6305
6310
6324
6326
6333
6338
6353
6355
6364
6366
6367
6371
6373
6384
6390
6391
6400
6412
6414
6423
6424
6425
6426
6431
6432
6443
6445
6460
6463
6473
6497
6500
6509
6514
6522
6523
6525
6532
6533
6535
6548
6560
6565
6574
6580
6584
6587
6594
6598
6605
6618
6622
6631
6633
6635
6646
6660
6664
6679
6681
6683
6685
6687
6704
6706
6723
6725
6734
6736
6738
6744
6748
6755
6759
6761
6771
6779
6781
6784
6786
6791
6793
6804
6815
6826
6830
6832
6839
6841
6843
6844
6846
6848
6862
6870
6878
6889
6895
6898
6900
6902
6903
6905
6910
6911
6917
6919
6920
6930
6932
6938
6939
6943
6952
6958
6961
6969
6971
6978
6979
6981
6992
6996
6999
7001
7003
7017
7023
7027
7032
7037
7051
7067
7069
7071
7081
7084
7087
7091
7095
7099
7101
7124
7125
7132
7145
7148
7155
7159
7161
7162
7164
7165
7175
7184
7186
7190
7198
7200
7203
7205
7207
7210
7215
7217
7227
7231
7234
7238
7240
7246
7247
7267
7270
7278
7282
7290
7293
7295
7297
7304
7318
7328
7340
7352
7354
7357
7365
7367
7370
7371
7375
7385
7394
7395
7396
7404
7419
7420
7457
7459
7469
7476
7482
7483
7484
7489
7491
7492
7505
7507
7509
7516
7519
7525
7527
7540
7541
7552
7556
7560
7572
7579
7586
7588
7592
7594
7597
7609
7611
7641
7648
7649
7656
7660
7667
7672
7674
7676
7681
7683
7691
7692
7693
7700
7703
7710
7712
7717
7727
7739
7749
7760
7764
7767
7769
7774
7784
7794
7804
7806
7822
7830
7836
7839
7841
7843
7846
7848
7850
7853
7855
7860
7864
7869
7877
7878
7879
7898
7905
7912
7914
7921
7926
7930
7945
7955
7957
7965
7974
7982
7987
7992
8000
8010
8013
8018
8049
8053
8057
8068
8073
8075
8077
8084
8086
8089
8096
8105
8107
8112
8121
8126
8134
8140
8145
8154
8156
8178
8179
8183
8195
8200
8201
8202
8208
8210
8212
8214
8216
8219
8221
8233
8246
8250
8253
8265
8268
8275
8283
8287
8288
8289
8295
8297
8322
8325
8329
8331
8333
8336
8338
8345
8349
8369
8374
8382
8383
8389
8397
8400
8416
8418
8420
8426
8451
8455
8464
8476
8480
8504
8511
8512
8514
8522
8533
8535
8536
8548
8553
8558
8568
8571
8573
8575
8577
8584
8596
8605
8612
8614
8619
8626
8630
8636
8647
8661
8666
8667
8672
8673
8684
8687
8689
8697
8704
8712
8720
8731
8733
8734
8742
8752
8753
8762
8766
8783
8787
8789
8794
8797
8799
8801
8805
8807
8812
8826
8829
8834
8837
8844
8846
8853
8854
8884
8888
8892
8901
8906
8911
8917
8920
8927
8929
8939
8946
8958
8963
8965
8972
8973
8976
8980
8985
8987
8989
8996
8999
9001
9003
9011
9020
9033
9035
9043
9044
9051
9069
9071
9074
9081
9084
9085
9088
9092
9102
9105
9106
9107
9109
9113
9120
9124
9133
9137
9140
9142
9144
9147
9149
9153
9160
9161
9173
9176
9184
9191
9205
9209
9214
9220
9234
9235
9238
9240
9247
9254
9257
9258
9262
9264
9272
9273
9283
9291
9294
9300
9309
9318
9319
9345
9358
9365
9378
9379
9382
9386
9388
9404
9412
9426
9428
9445
9447
9450
9452
9461
9465
9468
9475
9492
9494
9504
9505
9507
9512
9518
9522
9529
9533
9534
9540
9546
9553
9556
9563
9566
9575
9579
9580
9585
9592
9595
9596
9603
9612
9626
9629
9639
9640
9641
9642
9644
9646
9653
9654
9658
9660
9661
9671
9674
9676
9678
9685
9686
9687
9690
9698
9704
9714
9733
9740
9744
9752
9754
9756
9759
9768
9771
9775
9776
9778
9791
9793
9801
9803
9809
9817
9828
9832
9835
9842
9843
9853
9855
9860
9862
9868
9876
9877
9878
9899
9918
9920
9927
9929
9943
9959
9961
9968
9970
9972
9974
9992
9993
10003
10016
10023
10029
10034
10043
10055
10060
10062
10064
10071
10076
10078
10080
10103
10105
10110
10116
10131
10152
10154
10157
10166
10173
10177
10180
10194
10201
10203
10222
10225
10231
10232
10235
10238
10248
10250
10254
10259
10285
10287
10294
10295
10309
10325
10328
10330
10347
10349
10392
10394
10396
10400
10409
10419
10432
10434
10438
10448
10449
10457
10460
10461
10464
10471
10472
10477
10483
10484
10491
10495
10501
10503
10505
10521
10525
10526
10531
10536
10546
10557
10559
10567
10569
10579
10584
10588
10590
10596
10598
10603
10627
10631
10638
10645
10648
10656
10667
10682
10684
10691
10705
10732
10734
10742
10749
10750
10757
10762
10779
10783
10786
10789
10790
10822
10824
10826
10840
10847
10852
10855
10865
10876
10877
10881
10888
10893
10899
10904
10909
10912
10915
10922
10931
10934
10935
10942
10947
10952
10954
10971
10974
10977
10984
10989
10996
11007
11009
11048
11049
11051
11053
11054
11056
11075
11080
11091
11101
11103
11110
11125
11126
11134
11136
11145
11151
11154
11155
11156
11158
11171
11174
11187
11193
11196
11201
11203
11208
11212
11216
11218
11223
11225
11230
11232
11234
11236
11237
11239
11243
11253
11256
11260
11263
11265
11267
11271
11272
11275
11284
11285
11286
11290
11292
11294
11298
11301
11309
11311
11317
11325
11326
11329
11338
11342
11344
11347
11362
11369
11370
11380
11385
11387
11392
11395
11403
11416
11420
11422
11431
11433
11435
11440
11453
11457
11472
11481
11483
11484
11513
11517
11524
11529
11532
11536
11544
11547
11550
11554
11570
11580
11583
11591
11592
11602
11604
11612
11614
11622
11625
11627
11628
11632
11649
11654
11657
11664
11667
11672
11679
11687
11697
11704
11708
11723
11732
11734
11743
11759
11765
11777
11789
11791
11797
11799
11801
11808
11810
11827
11847
11851
11858
11859
11862
11863
11876
11882
11893
11904
11908
11912
11915
11917
11925
11927
11937
11955
11959
11968
11969
11973
11975
11977
11980
11982
11995
12014
12016
12018
12032
12034
12036
12040
12044
12050
12055
12059
12060
12066
12068
12070
12077
12084
12088
12097
12103
12104
12115
12119
12124
12126
12129
12131
12133
12135
12141
12151
12152
12175
12179
12187
12202
12206
12209
12211
12213
12216
12227
12228
12231
12232
12248
12252
12253
12260
12262
12269
12270
12272
12279
12290
12295
12297
12298
12321
12332
12334
12343
12345
12352
12357
12359
12360
12361
12368
12370
12373
12374
12377
12385
12392
12396
12405
12408
12410
12431
12432
12439
12441
12442
12449
12453
12468
12470
12477
12478
12483
12484
12485
12497
12500
12502
12504
12506
12508
12515
12522
12524
12527
12534
12553
12560
12561
12573
12594
12599
12606
12616
12618
12630
12632
12634
12648
12649
12665
12666
12676
12693
12701
12703
12720
12722
12723
12728
12753
12760
12764
12783
12787
12791
12794
12795
12804
12831
12832
12835
12836
12839
12841
12851
12853
12855
12858
12860
12863
12869
12871
12873
12876
12878
12889
12901
12911
12916
12923
12933
12936
12943
12957
12963
12973
12975
12983
12991
13020
13022
13023
13046
13059
13062
13078
13079
13088
13096
13097
13099
13104
13105
13106
13108
13110
13112
13128
13133
13135
13138
13141
13154
13156
13158
13159
13166
13179
13184
13190
13192
13195
13199
13207
13209
13216
13217
13225
13230
13251
13254
13255
13256
13258
13266
13273
13277
13290
13294
13298
13299
13319
13330
13336
13353
13356
13360
13364
13365
13367
13371
13372
13381
13383
13392
13394
13402
13412
13415
13417
13425
13427
13428
13439
13448
13452
13454
13461
13466
13472
13473
13497
13517
13531
13533
13538
13540
13548
13552
13559
13560
13561
13567
13570
13573
13574
13577
13594
13604
13606
13613
13617
13624
13627
13631
13635
13638
13642
13659
13675
13680
13716
13721
13725
13729
13736
13739
13752
13754
13758
13765
13774
13776
13778
13780
13785
13793
13810
13813
13821
13823
13826
13839
13844
13854
13858
13860
13865
13876
13881
13884
13900
13903
13905
13912
13914
13922
13930
13937
13948
13951
13957
13972
13991
13994
14004
14013
14017
14024
14025
14029
14031
14038
14042
14049
14051
14063
14064
14065
14072
14079
14085
14087
14095
14104
14111
14112
14114
14119
14122
14124
14131
14134
14142
14159
14164
14167
14169
14172
14179
14180
14194
14196
14199
14206
14207
14214
14216
14219
14222
14223
14227
14229
14233
14240
14243
14244
14258
14270
14273
14274
14276
14278
14291
14294
14301
14314
14315
14318
14323
14327
14329
14343
14348
14350
14361
14363
14369
14376
14381
14389
14394
14397
14399
14412
14417
14426
14435
14442
14445
14446
14450
14455
14459
14460
14462
14467
14470
14472
14474
14482
14484
14487
14494
14499
14501
14506
14508
14510
14513
14515
14520
14528
14536
14541
14542
14544
14546
14548
14552
14565
14576
14578
14580
14581
14585
14586
14591
14602
14604
14606
14614
14620
14623
14636
14641
14649
14651
14660
14661
14671
14672
14673
14694
14700
14713
14738
14747
14754
14769
14778
14780
14782
14786
14787
14798
14799
14807
14809
14821
14823
14831
14836
14838
14850
14861
14864
14876
14878
14887
14891
14893
14903
14910
14917
14919
14921
14926
14930
14934
14937
14942
14944
14948
14961
14966
14973
14978
14979
14981
14985
15001
15005
15011
15016
15017
15018
15020
15025
15027
15037
15043
15044
15045
15047
15054
15055
15068
15074
15077
15080
15081
15093
15100
15115
15120
15150
15158
15159
15165
15177
15184
15194
15219
15220
15233
15255
15257
15258
15261
15263
15265
15275
15287
15289
15291
15293
15307
15309
15310
15312
15323
15326
15328
15338
15339
15344
15347
15360
15363
15366
15375
15377
15380
15386
15388
15398
15400
15406
15408
15419
15427
15444
15452
15457
15460
15465
15470
15485
15486
15489
15492
15494
15508
15519
15520
15529
15532
15535
15547
15555
15557
15571
15580
15587
15595
15605
15608
15626
15627
15628
15633
15642
15644
15646
15662
15666
15684
15685
15690
15691
15697
15704
15705
15720
15726
15727
15736
15740
15747
15750
15762
15779
15782
15795
15803
15821
15844
15846
15856
15858
15859
15861
15863
15866
15879
15888
15890
15891
15900
15911
15929
15930
15934
15950
15955
15956
15974
15975
15979
15981
15992
15999
16002
16009
16028
16031
16033
16052
16053
16058
16060
16065
16069
16082
16083
16092
16096
16098
16103
16104
16120
16123
16126
16136
16137
16148
16152
16159
16164
16166
16171
16173
16180
16181
16189
16191
16196
16201
16210
16214
16216
16219
16221
16222
16229
16238
16252
16261
16262
16265
16285
16288
16297
16301
16304
16307
16309
16314
16316
16321
16332
16333
16334
16335
16337
16340
16342
16344
16345
16347
16349
16366
16368
16375
16380
16382
16394
16399
16400
16409
16412
16416
16419
16427
16433
16436
16438
16450
16457
16460
16461
16464
16467
16481
16491
16495
16502
16510
16511
16520
16522
16528
16538
16544
16546
16548
16557
16560
16563
16576
16580
16582
16584
16594
16596
16604
16606
16608
16613
16619
16621
16622
16642
16643
16648
16651
16655
16668
16675
16695
16698
16699
16700
16702
16718
16725
16727
16735
16737
16742
16755
16757
16760
16762
16764
16766
16772
16781
16786
16788
16799
16800
16802
16804
16809
16814
16816
16823
16825
16830
16833
16865
16870
16872
16877
16879
16886
16892
16893
16899
16903
16906
16908
16909
16911
16913
16918
16924
16925
16929
16932
16939
16953
16968
16971
16974
16981
16983
16984
16986
16993
16997
17006
17008
17011
17032
17033
17040
17048
17064
17066
17077
17081
17086
17088
17093
17095
17100
17105
17106
17113
17126
17138
17139
17144
17151
17155
17160
17161
17162
17165
17168
17170
17175
17177
17182
17183
17187
17191
17198
